0, 16, 56, 108, 198, 198, 198, 254, 198, 198, 198, 198, 198, 0, 0, 0,
0, 248, 108, 102, 102, 102, 108, 120, 108, 102, 102, 108, 248, 0, 0, 0,
0, 60, 102, 194, 192, 192, 192, 192, 192, 192, 194, 102, 60, 0, 0, 0,
0, 248, 108, 102, 102, 102, 102, 102, 102, 102, 102, 108, 248, 0, 0, 0,
0, 254, 102, 98, 96, 96, 104, 120, 104, 96, 98, 102, 254, 0, 0, 0,
0, 254, 102, 98, 96, 96, 104, 120, 104, 96, 96, 96, 240, 0, 0, 0,
0, 60, 102, 194, 192, 192, 192, 192, 192, 222, 194, 102, 58, 0, 0, 0,
0, 198, 198, 198, 198, 198, 198, 254, 198, 198, 198, 198, 198, 0, 0, 0,
0, 60, 24, 24, 24, 24, 24, 24, 24, 24, 24, 24, 60, 0, 0, 0,
0, 60, 24, 24, 24, 24, 24, 24, 24, 24, 152, 216, 112, 0, 0, 0,
0, 230, 102, 102, 108, 108, 120, 120, 108, 108, 102, 102, 230, 0, 0, 0,
0, 240, 96, 96, 96, 96, 96, 96, 96, 96, 98, 102, 254, 0, 0, 0,
0, 198, 238, 254, 254, 214, 198, 198, 198, 198, 198, 198, 198, 0, 0, 0,
0, 198, 230, 246, 254, 222, 206, 198, 198, 198, 198, 198, 198, 0, 0, 0,
0, 56, 108, 198, 198, 198, 198, 198, 198, 198, 198, 108, 56, 0, 0, 0,
0, 252, 102, 102, 102, 124, 96, 96, 96, 96, 96, 96, 240, 0, 0, 0,
0, 124, 198, 198, 198, 198, 198, 198, 198, 198, 214, 222, 124, 12, 14, 0,
0, 252, 102, 102, 102, 124, 108, 102, 102, 102, 102, 102, 230, 0, 0, 0,
0, 60, 198, 198, 96, 56, 12, 6, 198, 198, 198, 108, 56, 0, 0, 0,
0, 252, 252, 180, 48, 48, 48, 48, 48, 48, 48, 48, 120, 0, 0, 0,
0, 198, 198, 198, 198, 198, 198, 198, 198, 198, 198, 198, 124, 0, 0, 0,
0, 198, 198, 198, 198, 198, 198, 198, 198, 198, 108, 56, 16, 0, 0, 0,
0, 198, 198, 198, 198, 198, 198, 198, 198, 214, 124, 108, 108, 0, 0, 0,
0, 198, 198, 198, 108, 108, 56, 56, 108, 108, 198, 198, 198, 0, 0, 0,
0, 102, 102, 102, 102, 102, 60, 24, 24, 24, 24, 24, 60, 0, 0, 0,
0, 254, 198, 140, 12, 24, 24, 48, 48, 96, 98, 198, 254, 0, 0, 0
